0.1292687733014681
0.09012167221866896
0.09526945399575584
0.0895472694912513
0.09499440217842055
0.09486718150410162
0.09522484185037329
0.09413891818853372
0.10483011999162546
0.08170253480735687
0.08547300233862783
0.08929540652015562
0.06455982517302046
0.11113546742781368
0.07747700157858009
0.07258051365649712
0.07103778669624716
0.05976195404156484
0.061249766021271745
0.054776688895007274
0.04912385470339455
0.049294222959047174
0.0369131595066144
0.04124253960236104
0.02389777423459341
0.026912000764809336
0.041094137638666026
0.049763793899983935
0.04921947802515872
0.03313516679587782
0.03385353148031573
0.03774440144479875
0.026212707123417604
0.01905799874402503
0.02183051433781292
0.02212246319867438
0.028571963185623227
0.022781340497797446
0.029085318061690124
0.027409327648842914
0.019199572890686207
0.013537064105772424
0.01460929489315658
0.01824386658764729
0.014165977191150972
0.022512291726204305
0.026817183316920394
0.009704473220450132
0.010930801068028333
0.014476867357868283
0.010422022857395814
0.00893578167320901
0.007743568710449322
0.008994631690206341
0.006487980841806599
0.008044058444485618
0.009748041009276825
0.006058999211913896
0.005885512552022059
0.01361114222921304
0.03248017479681363
0.024143590531779224
0.02502400583239612
0.017075498793019447
0.0117730711113641
0.011520954718711587
0.007837738172632532
0.008154004860209079
0.006772384396980275
0.005301696416191231
0.00948774581841372
0.009010441136735606
0.00568614919042173
0.00546915222023662
0.005053385284616908
0.006927844114169489
0.00556106059342406
0.00455779685138356
0.008506239266176923
0.005230547114600267
0.008018822932650884
0.004823628639638061
0.005775649215155456
0.005662949554378403
0.0038131725090894777
0.004979515961188575
0.00412631542097683
0.006612276244592629
0.0047131086285728385
0.006078041874105051
0.004923364521915811
0.003565342053796906
0.004310727310523979
0.0034382648485899443
0.002780959908512145
0.003986363059569542
0.005585369378749347
0.005971215038359085
0.00820431667099725
0.007836354067144152
0.007544634193112877
0.003455408767047169
0.00407731137380719
0.007999519934034796
0.005650755315012455
0.006717996443994896
0.004221174269901737
0.0032759057530940367
0.003672798181722429
0.002567385017313693
0.005811632015288608
0.004360963419222402
0.003730429703983247
0.0033334742861834245
0.0025867476102141526
0.0047005766867787195
0.004021863110752797
0.0037839866835007356
0.00419004646207257
0.0029006685245164714
0.0034865401677159963
0.006194098086056816
0.003130872473224132
0.004822900496272613
0.003622379962361635
0.0038992165413614436
0.002743857081068397
0.004028353229415938
0.005008733797852608
0.004728800296574226
0.00518523327371722
0.009048279509264161
0.006567308164940027
0.004323651421447191
0.0035011931864820343
0.003091713897682203
0.003454638177144737
0.00406254583166684
0.0035822379409955495
0.004233844409916826
0.004426431634115792
0.004602400007249648
0.0038685059245223345
0.00333731359039239
0.0030102877460707654
0.007603619401607726
0.003363815977917734
0.004471750662570758
0.005217119464755436
0.003784623290309481
0.00436842829051704
0.004923586554947184
0.0031258670332902612
0.007196082653373611
0.0039040921768861716
0.0029865046104898645
0.0031792565766858853
0.003748658928250606
0.0029089911569625906
0.0029474319039872413
0.002621758795092174
0.0025161302303635526
0.004024649813270919
0.0024044741193083546
0.0030570128240940114
0.003773808053907105
0.00300163851912286
0.002331353736723986
0.0032285123982396533
0.0025765882005673838
0.0029703767977931317
0.003256078819626886
0.002553430939948998
0.006998284693844465
0.00403124904952506
0.005120432286656549
0.003588719426507727
0.005623996756894435
0.0027889097861860395
0.0032039574252002187
0.004884679339673003
0.003468114032551611
0.01050650527970106
0.007858255691408042
0.006102634903885112
0.0038574431286877166
0.0035755552824382236
0.004375554588982816
0.003919784677678043
0.003677478605936977
0.002551905480599576
0.0033360216672715546
0.002723401707591513
0.00214405427412067
0.0028913150512306115
0.0030301390052557345
0.002442309822395353
0.0034217595887589634
0.003228056557177007
0.003105689728004758
0.003196455689283188
0.004159069570933735
0.0036071657530378815
0.0031267261383106162
0.0082691481436276
0.004966583878579521
0.003797712707516029
0.004017294695842146
0.0037329145386467057
0.0026721972103262597
0.004203936158286015
0.004330813074083683
0.0025894878847196735
0.003350560771528633
0.002994370290414448
0.003693490928152154
0.004713255693492875
0.002964010879044073
0.0033877066124099824
0.005187842473053345
0.002971762349897203
0.004704461648025169
0.00425824851374779
0.003348570475013703
0.004593038928983338
0.0027695369758400736
0.0030927353306927385
0.003065503691520783
0.0031372192635481227
0.00247941314145074
0.002475612320850652
0.0023918929229840642
0.002526744622747907
0.002893529694406688
0.0021839545790217274
0.003207789377665432
0.002198930116139396
0.0030673991849070525
0.0018436116713195126
0.003030789151752817
0.0025957172162321667
0.002702080378935864
0.0024155401391741183
0.0021152264336617497
0.0019541561346526127
0.00267245464770815
0.0027139792503117948
0.0022369549514905367
0.004165410211584538
0.004067427385760727
0.002860943398273628
0.0029252632429690676
0.0030963419161301174
0.00250868863780996
0.002840876584780081
0.00578372093238909
0.0032174453242968517
0.002723882228563577
0.004026341455836444
0.0032261410126149218
0.002629830588877529
0.005683328031246949
0.002959174883223208
0.002892881440594021
0.002443877584062929
0.002915349555313311
0.0036279304705544805
0.003668725253864853
0.002313557543380318
0.003414496840984411
0.004000281078780002
0.0039193960292335395
0.00395931115162256
0.0031266426252132004
0.003181970582784481
0.0025494068644916195
0.0019950773947045235
0.0024751419489035
0.0028419503382849
0.002255504220190557
0.002796831911582646
0.002210155536000193
0.0029522561725912272
0.002233367857783579
0.002424343754946647
0.00266941695050311
0.0020622389872725533
0.0017909435393883121
0.0023915207156195977
0.0027341314064311915
0.0023412816267740074
0.0031065242845500704
0.002481195262853566
0.002010338129811269
0.0025089006803768773
0.00243522517147151
0.002078150563636858
0.002146926333718487
0.001852124889193819
0.002056812023557946
0.003625580013390496
0.003409416917674664
0.003052421218151394
0.002309984331687501
0.0028213275226833877
0.002587124441729856
0.002136469892790491
0.0019795946296335227
0.002344634983548417
0.0027368933139689158
0.0029589139981368207
0.003107414947394553
0.003224262713811161
0.0038833389496247756
0.002517115443575276
0.002588609871581835
0.0023815234619761544
0.0024667594327353825
0.0025065950817689192
0.002832476290171532
0.002369676481292009
0.0030863730965384143
0.002186377570591807
0.003010606766263649
0.002899124826824596
0.002425071398122065
0.001711459446620267
0.002973504759889284
0.002300317189664219
0.002588128622567481
0.0024438840762465914
0.001998217234444012
0.0023805489809109273
0.0022301595711279438
0.00340235901028207
0.002260800407365854
0.0024080594669641116
0.003390644426814295
0.0029925032536846593
0.0026008517458171454
0.00204276762501711
0.0026684979601895417
0.0023623218546839388
0.002700712027208777
0.002327376493021882
0.0020259091588699456
0.00241754190469035
0.0023194710368538304
0.0026001135617435564
0.002233572810618599
0.0029618067141286373
0.003159366480639591
0.0022347512130017825
0.0023338876298173677
0.0022348855636907267
0.001843014514679806
0.002176994312032443
0.0034381633093516807
0.0031309487397646533
0.002493870057678676
0.003411401009205258
0.0024095885751705863
0.0018821340848528534
0.0023540505484703446
0.0031561221390573276
0.003008290251701103
0.0027314244454658032
0.0028604836955572373
0.002972148799817814
0.002559938661003919
0.00399052198782574
0.002927154385657329
0.003415939631955574
0.003759337726657123
0.002234255368922473
0.0029792516592056072
0.0023278948090905225
0.002206428685221044
0.002528904396623615
0.0027417852229470064
0.002428719457693736
0.0025488861234940585
0.0022081509280107883
0.0018709517308237286
0.003058098099525307
0.003345435436063547
0.0014603038715748707
0.0026161853858824306
0.002730537291265882
0.002798493323015288
0.0023969274929942328
0.0031812055409309293
0.003387919545522954
0.003834091332984692
0.0026825248368380645
0.003262767111517476
0.002454169096629357
0.0035104346840232406
0.0027550716054474756
0.005247921984949642
0.005009404445796658
0.00336254056409323
0.003707378782917471
0.003509244174035156
0.0027435206805279046
0.0026938602159764903
0.0019377686275807498
0.0017642858714778484
0.0019984586712855443
0.0031444550621334876
0.0026676386693442367
0.003470014648297772
0.004308010238207157
0.004145759284495868
0.005043817131003841
0.004399644977437266
0.0032573177625345624
0.004313948463158302
0.005299372802907788
0.004150679861285169
0.006323009995658436
0.007635092751835877
0.007240919790511085
0.009768395582236586
0.007095457179535814
0.0050559095810028725
0.003860492971434113
0.003735425500321242
0.0029793782567393273
0.002616685132005735
0.003251982399087759
0.0028093844817559115
0.003041251168442402
0.0026018165364049143
0.0029102231386222118
0.0028383098147814097
0.0025126145427313788
0.002287908224662532
0.0024874315302107017
0.0018525988209575084
0.0021221590174273198
0.0019812826741031774
0.0019024259397871952
0.001661579368393646
0.0024721412904799363
0.002421130081420062
0.0016684071856282363
0.001936754785289793
0.002999580860447681
0.0024050772726324486
0.0031805186814226017
0.002480188508886646
0.0018208035765850063
0.0017161763882904005
0.0025686958395387417
0.002936953219321291
0.0028373708875590003
0.0018373662471245869
0.002502904014854109
0.0028696355307885526
0.0022170892276628085
0.0021729719997279386
0.0025751077980389657
0.0026467149205516463
0.0020670431711050136
0.002526312361638713
0.0018547065859699388
0.0023069800663997604
0.0028237952216091846
0.0025519853906453708
0.0022452973278702334
0.0018906841375783225
0.001678724734431351
0.00154467276635669
0.00249939092800638
0.0021985827204234073
0.0017011327358186818
0.0023016887979662257
0.001765356678879923
0.0019239530707442208
0.0021262269967012243
0.002068788831492873
0.002399548546539073
0.002203035330603556
0.0018821935300008302
0.0029527709111311124
0.0019131647770189812
0.003429889481338171
0.0026526965393406337
0.002220794856648206
0.0029949220910115916
0.0017881488309051449
0.0021032607079639995
0.0021489868011033376
0.0034374394077793685
0.002548917884101619
0.0017842566890942631
0.002336085903830367
0.0024016068013321718
0.00275447607605779
0.00273426489392155
0.002483644601964801
0.0022905936024052906
0.0025847958453520535
0.0018884869494350685
0.0021980580780451256
0.0024884558277008706
0.0025554963480011895
0.0024165617954463705
0.0018865486661828316
0.002365794563156035
0.0027661538066777553
0.002681316847228366
0.002559107174357411
0.0028820133483396194
0.001912954741546905
0.002512232492394542
0.0018248451669128887
0.002373406537972146
0.002190691317823554
0.0024693831635926983
0.0019533658086769083
0.001965859612307989
0.0021372440609170127
0.0021255438424831767
0.002355094049248966
0.0024503041369415084
0.0028046616017799522
0.0023884062291861653
0.0025347373280282344
0.0020405694193923298
0.0019331665603942243
0.0021925201666015354
0.003025188454278874
0.0021006101825879328
0.0028683418036527532
0.0028150445398121
0.00234279912171123
0.0021870570157038085
0.0023459616086300606
0.0018864663293316085
0.0019892959970452227
0.0030812988104368397
0.002749388999448739
0.00271197357755956
0.0024598095783827044
0.0024480322446253926
0.0022843666001809266
0.0026639970556949994
0.002695423327461499
0.0034034175811634795
0.0027084593130312197
0.0032160636470655486
0.0033961967107219307
0.002613329722839569
0.0029952273702674777
0.00203620675512055
0.0019639572699237454
0.0024330518790903035
0.0021693850474241516
0.001968131067248041
0.0025662826106190913
0.0019524912156036816
0.0021635745064128658
0.0018582140443424984
0.002617050477393472
0.0021777188904303977
0.002143233292451982
0.0026326798719097286
0.0026926233345373365
0.0019570122310136493
0.0019672878483943876
0.002041168355505496
0.0024747886415609583
0.0022498584100248244
0.0018359101567864062
0.0018161438580159119
0.0026492209729471698
0.002448114931330112
0.001511215051958686
0.0018398002840760053
0.0020004165189886243
0.002293586602264682
0.002208846745568486
0.002535439912803171
0.0023826938806836362
0.0026407647076038495
0.002067346955541777
0.002754194486100038
0.004174637118594395
0.0035085802898907376
0.0025049585009802896
0.0031408972850985113
0.0032589420803519017
0.002182358976619955
0.002528621921497347
0.002183843978022999
0.0024846563619156836
0.002482605941701086
0.0015766814681899542
0.0029063964430882136
0.0018427137934323898
0.0014906857120866295
0.002135425976611271
0.002129384406635838
0.0016199595314482697
0.0028334507365904366
0.002095963760542742
0.0026151408226364227
0.0024820476080576383
0.0025774651363269533
0.0027592838094111925
0.0020016023891398856
0.0032491597145142036
0.003098527021463419
0.0033449850758125303
0.003228255063474444
0.002872430104581297
0.0033777032602362402
0.0036532954556695806
0.002824485569476497
0.002973075881758969
0.002802513908322088
0.0029360501133118104
0.002845029692113716
0.002718309923258336
0.002317144273445273
0.002400056885125959
0.0016708744158787233
0.0022422085538893427
0.0017790626954009429
0.0017817438766343488
0.0015062015926824253
0.0018282402266831157
0.002666645698027206
0.002744175060570833
0.00259359163104847
0.0029132002815641443
0.002692994223389114
0.0029987599298918807
0.0031615533280303443
0.0030784914739590778
0.0024597223580790015
0.002588183011927107
0.0030715711663952087
0.0031485064591770845
0.0031764153403799687
0.002753695696953363
0.0025770876349490855
0.003211361766780287
0.0034581981343952766
0.002856156065716279
0.0023189024339135595
0.002778645404785372
0.002271024426460768
0.0026783604862269683
0.0022302871730087714
0.0027526567241800896
0.0018140414861455886
0.0021730849653005366
0.0021902280741337246
0.0015893819233978594
0.0014798649876689596
0.0023608214752541584
0.002357164880368038
0.002144693293658714
0.0021171469290839993
0.002551425439847194
0.0033578167251224417
0.0021908331864515583
0.0028773570171002094
0.0030195137343970876
0.0034360292307866504
0.002657223167169004
0.003654635996058516
0.0027166759951749698
0.0036669686450518987
0.002344948382705452
0.0035964908958173863
0.0023627987622906826
0.0020209550672210743
0.002181315782723193
0.002064023765431932
0.0017706114082781095
0.0019295870364545783
0.0024315048633756224
0.0017472276409738318
0.002265222819878592
0.0019077837422717704
0.0020202022498698774
0.0031463662968710883
0.0025882717510256692
0.0029262378254919265
0.0035835021824226513
0.004150528075057058
0.0025132787540465044
0.0035366760796475267
0.0035582720740464395
0.002983698806609731
0.0026930702108499543
0.0019119658823189508
0.001901958744911143
0.002814888958985564
0.0027278414170860223
0.0024484983480856626
0.002241867854294498
0.001858628525132801
0.0012991258533927527
0.0014872441743728952
0.0017374628087244047
0.001961885812028627
0.0023505509877589426
0.0022692512759360122
0.0019324251706843412
0.0021988036470498794
0.0016683810034626493
0.0017995290061538786
0.0019370135373865376
0.002561557708052514
0.0023541064434775085
0.0027253668914649473
0.0027221417989773096
0.0029101376646695283
0.0021668863542379942
0.002734949720479524
0.0022081015420511154
0.0027736166767461795
0.0027604608220690905
0.0018749992869907025
0.002096365455975295
0.0020217433214917736
0.0018410741078686863
0.0023382711124526707
0.002509282543024631
0.0025763193887878917
0.002872841266759162
0.0020789582295806636
0.0021697120161164214
0.0020567688136986636
0.00235220900456694
0.001921193367570086
0.0027945507083745077
0.0027582447608690114
0.0030321015602062388
0.0026409241792431097
0.002724880584104047
0.002026281412025876
0.0024188659597879085
0.002009005201039555
0.0020689976915687722
0.00234656184892241
0.002733393574053602
0.00209419377352557
0.0021619819039096085
0.001801365156952076
0.0019139401583702054
0.0018405024745997598
0.0020531029410631994
0.0020906689018007304
0.0020231334401211603
0.0016571680592601062
0.0021868486511126073
0.002071297975418783
0.0016257488082580514
0.0024514042727378886
0.0020740694518137956
0.002324368905875296
0.00243367553103164
0.0018986509604682603
0.0018089430117208044
0.002897975782629609
0.0023752521021866897
0.00232491335442507
0.002067276362977177
0.0019173453765048256
0.0028531937264283584
0.001866037924926077
0.002598606556740187
0.0021595996953465563
0.0020496130576052158
0.0021230606417936043
0.0015736241170762192
0.0020259633398009478
0.0018528239268249971
0.0020001611174836585
0.0033851590942294615
0.0015189741584074141
0.0024105734331487903
0.0018518153746609836
0.0020980352341886076
0.0020668039867248124
0.002233517485380595
0.0018856072419172949
0.0015159333661785906
0.0015541055403856053
0.0019833005096130552
0.0019948034199168143
0.002186973934873894
0.003372027839347436
0.002726823589972142
0.00229841967208738
0.002023431377443655
0.0018685729214632386
0.0021095658241859134
0.0021708631406013334
0.002289619080076324
0.0020855997829082457
0.0019922381100039755
0.0023622675376419665
0.0019687766186625094
0.002321170338859477
0.0018332620889298372
0.001571847305960841
0.001463232677368857
0.001441284898554468
0.002093072095282083
0.0018279208933071678
0.0023672562697430862
0.0024190763569564315
0.0030753322953106094
0.0025598263071956156
0.0023064665433576046
0.0025540327556485866
0.002783426361022512
0.0023389971137230815
0.0022350144764138806
0.0016468399376631478
0.0025825337875956173
0.002538731806474291
0.0019612768798303527
0.002214582996000498
0.0020490225958526985
0.0030381561147321016
0.002844496158455302
0.0035784202853383373
0.002132692518968545
0.002271248398905964
0.002946424032691167
0.002909023001429401
0.002503504347513716
0.0021480968008906086
0.0026186127979600507
0.0017052345861166811
0.0021953876135071375
0.0022337867878043623
0.0020661934784706837
0.002182035239466077
0.002812479921539774
0.001986902684596015
0.0013962976460830617
0.002188360615879694
0.002273766548146643
0.0018915423701482787
0.002001472359103761
0.0022426813910780673
0.0019774017416520745
0.001913971920394302
0.0023281581363154558
0.0023345765055897572
0.00202032004424385
0.0024985469771956928
0.002661054305677057
0.002012954467940668
0.0021870362885564117
0.0025340706258317647
0.001861843985057488
0.0019236219259251845
0.002251723372554313
0.001662731263290322
0.0017458403234360512
0.0021952362298933315
0.002200192904000889
0.0024763655148595434
0.0016744532619539713
0.002546005440683344
0.002032905619327617
0.003672179566311042
0.0017243644821471021
0.0019691288123371412
0.0027804832973019845
0.0028212663509833576
0.0019728560130015576
0.0023834625904634943
0.0020570874816534237
0.0014888571600590395
0.0017410293753672018
0.00262488636808197
0.00304103579496361
0.0019515029401045083
0.002395549995865978
0.0016654147749792343
0.0016056346115373198
0.001733543907881397
0.001917528766374505
0.001968233278923506
0.00201125889346552
0.002237488216180363
0.001936315030119395
0.001960124228572194
0.0017784440171904618
0.0019328141731356444
0.0016786826295895217
0.0015099479859185165
0.0018696981038823373
0.0017274169146955605
0.0017559644863649818
0.002228934913829181
0.002679802715578929
0.002726907011753828
0.0018686795659495635
0.0023436912143652983
0.0021755474307436837
0.0018718947572586976
0.0019666444732983927
0.0016484304342392854
0.0015087404174604843
0.002063552320031271
0.0014765329660832562
0.0017419386080006582
0.0017689258469643196
0.002162472857209565
0.0021113642155687127
0.002084966148989565
0.001878413532238665
0.0028712537791291117
0.0033533868082194157
0.0037443382943343952
0.0015782553319457565
0.0020049387186549146
0.0018128643117792656
0.00243065449989789
0.002948109787902096
0.001994256472537008
0.002237951876911157
0.0015915624596791452
0.0017656758863606467
0.0021656599259387965
0.002423563084016121
0.002231933562710608
0.0020245345968628
0.0017604657288482098
0.0023305852803679273
0.0019836644877731188
0.0026368034616746122
0.002361528949216537
0.0023701888529071235
0.0016790518722331
0.0024478286613701544
0.001964783232143275
0.0016920014220971748
0.0016114379338095068
0.0020358051491680047
0.001865771288112066
0.0020209766499151927
0.0014786116583846405
0.00146288014013108
0.0022853101103840062
0.0020987911505272595
0.002847178387331079
0.002391469332874424
0.0029793346354702343
0.0032759898252929633
0.002351583363986982
0.0016340539583077013
0.0017664560593125848
0.0019169514711050925
0.0018995813900542793
0.0020337974497932287
0.0012157354500080743
0.001532613800570844
0.001644727138723213
0.0026561371404351004
0.0014389149026236075
0.0016040973692068483
0.0016894704132274989
0.00216696561509595
0.002180490995626742
0.001681222531309218
0.0013827288737498678
0.0016729587204278348
0.0017826164728476433
0.0017304811300211508
0.0022794399257861538
0.002621540905661119
0.002227119564341972
0.0026683578021972697
0.002630629193466285
0.0027096252817742266
0.0031266665819024426
0.0041063291364609004
0.002128929100245333
0.0026362857454046264
0.0020908370004879364
0.0027204777419570277
0.0018693970837201635
0.0018487447232625191
0.0018077482982399077
0.0017204258726811036
0.001999039963702754
0.0016654088623777523
0.003047807057351003
